0
-5.5297e-06
-1.7878e-05
-2.8215e-05
-2.8137e-05
-1.4713e-05
5.8382e-06
1.7819e-05
-4.9567e-20
-6.6784e-05
-1.9066e-04
-3.7078e-04
-6.0834e-04
-8.9715e-04
-1.2247e-03
-1.5718e-03
-1.9126e-03
-2.2151e-03
-2.4427e-03
-2.5548e-03
-2.5098e-03
-2.2664e-03
-1.7870e-03
-1.0394e-03
6.1289e-18
1.3445e-03
2.9949e-03
4.9384e-03
7.1480e-03
9.5823e-03
0.012187
0.014896
0.017634
0.020319
0.022867
0.025194
0.027221
0.028878
0.030106
0.030862
0.031116
0.030862
0.030106
0.028878
0.027221
0.025194
0.022867
0.020319
0.017634
0.014896
0.012187
9.5823e-03
7.1480e-03
4.9384e-03
2.9949e-03
1.3445e-03
6.1289e-18
-1.0394e-03
-1.7870e-03
-2.2664e-03
-2.5098e-03
-2.5548e-03
-2.4427e-03
-2.2151e-03
-1.9126e-03
-1.5718e-03
-1.2247e-03
-8.9715e-04
-6.0834e-04
-3.7078e-04
-1.9066e-04
-6.6784e-05
-4.9567e-20
1.7819e-05
5.8382e-06
-1.4713e-05
-2.8137e-05
-2.8215e-05
-1.7878e-05
-5.5297e-06
0